################################################################################
# File type: R
# Simulation type: M
# Number of atoms:       0
# Number of ensembles:         0
################################################################################
#iter     ens   iatom           |Mom|             M_x             M_y             M_z
-1 1 1 1.0 -0.657164249 0.399177372 0.639368888
-1 1 2 1.0 -0.0171779274 -0.768724979 0.639348751
-1 1 3 1.0 0.674241784 0.369521886 0.63941504
-1 1 4 1.0 -0.657050122 0.399159062 0.6394976
-1 1 5 1.0 -0.0170453553 -0.768602002 0.639500132
-1 1 6 1.0 0.674200383 0.369614736 0.639405028
-1 1 7 1.0 -0.657063969 0.399150303 0.63948884
-1 1 8 1.0 -0.0171016989 -0.768624603 0.639471463
-1 1 9 1.0 0.674289546 0.369579089 0.639331608
-1 1 10 1.0 -0.657111707 0.399189229 0.639415486
-1 1 11 1.0 -0.0169434223 -0.768661311 0.639431552
-1 1 12 1.0 0.674262728 0.369493173 0.639409547
-1 1 13 1.0 -0.657106105 0.399184609 0.639424128
-1 1 14 1.0 -0.0172228888 -0.768627451 0.639464787
-1 1 15 1.0 0.674268932 0.369636348 0.639320247
-1 1 16 1.0 -0.657192767 0.399176898 0.639339871
-1 1 17 1.0 -0.0171500816 -0.768695775 0.63938461
-1 1 18 1.0 0.674155486 0.3695286 0.639502145
-1 1 19 1.0 -0.657170591 0.399049961 0.639441899
-1 1 20 1.0 -0.0172285659 -0.768762897 0.639301795
-1 1 21 1.0 0.674252166 0.36957556 0.639373069
-1 1 22 1.0 -0.0172150944 -0.768774869 0.639287761
-1 1 23 1.0 0.674260042 0.36949779 0.639409711
-1 1 24 1.0 -0.657166851 0.399136927 0.639391463
-1 1 25 1.0 -0.0171355526 -0.768671552 0.639414121
-1 1 26 1.0 0.674222061 0.36959241 0.639395076
-1 1 27 1.0 -0.657202999 0.399095524 0.639380153
-1 1 28 1.0 -0.0169863564 -0.768575975 0.639532981
-1 1 29 1.0 0.674331708 0.369463833 0.639353754
-1 1 30 1.0 -0.657265684 0.399012043 0.639367821
-1 1 31 1.0 -0.0170899042 -0.768711009 0.639367906
-1 1 32 1.0 0.674325856 0.369561918 0.639303237
-1 1 33 1.0 -0.657058573 0.399239881 0.639438464
-1 1 34 1.0 -0.0171671893 -0.768646264 0.639443671
-1 1 35 1.0 0.674343404 0.36947293 0.639336162
-1 1 36 1.0 -0.657081814 0.399103171 0.639499921
-1 1 37 1.0 -0.0170423975 -0.768697918 0.639384914
-1 1 38 1.0 0.674263866 0.369485708 0.639412661
-1 1 39 1.0 -0.657117161 0.399083882 0.639475638
-1 1 40 1.0 -0.0171128829 -0.76873477 0.639338722
-1 1 41 1.0 0.674246275 0.369596761 0.639367027
-1 1 42 1.0 -0.657263195 0.399194544 0.63925645
-1 1 43 1.0 0.674274925 0.369511047 0.639386355
-1 1 44 1.0 -0.657189725 0.399134556 0.639369433
-1 1 45 1.0 -0.0170248048 -0.768762256 0.639308024
-1 1 46 1.0 0.674274952 0.369450887 0.639421091
-1 1 47 1.0 -0.657061374 0.399190395 0.63946648
-1 1 48 1.0 -0.0171791726 -0.768593055 0.639507304
-1 1 49 1.0 0.674088234 0.369534412 0.639569677
-1 1 50 1.0 -0.657172669 0.399117702 0.639397485
-1 1 51 1.0 -0.0171028021 -0.768749241 0.639321592
-1 1 52 1.0 0.674206544 0.369574302 0.639421904
-1 1 53 1.0 -0.657128885 0.399187767 0.639398746
-1 1 54 1.0 -0.0171887442 -0.768750697 0.639317537
-1 1 55 1.0 0.674164878 0.369679855 0.639404819
-1 1 56 1.0 -0.657207391 0.399229884 0.639291753
-1 1 57 1.0 -0.0172404749 -0.768738885 0.639330347
-1 1 58 1.0 0.674240793 0.369440494 0.639463114
-1 1 59 1.0 -0.657176586 0.399116011 0.639394514
-1 1 60 1.0 -0.0171708616 -0.768731491 0.639341111
-1 1 61 1.0 0.674264768 0.369426674 0.639445819
-1 1 62 1.0 -0.65722213 0.399118382 0.63934622
-1 1 63 1.0 -0.0170960087 -0.768843357 0.639208588
-1 1 64 1.0 -0.657261676 0.399088699 0.639324095
-1 1 65 1.0 -0.0170783059 -0.768706437 0.639373714
-1 1 66 1.0 0.674395035 0.369535815 0.639245351
-1 1 67 1.0 -0.65716949 0.399113368 0.639403457
-1 1 68 1.0 -0.0169734104 -0.768721298 0.639358639
-1 1 69 1.0 0.67422984 0.369636584 0.639361337
-1 1 70 1.0 -0.65703495 0.399186263 0.63949621
-1 1 71 1.0 -0.0171702432 -0.768564828 0.639541466
-1 1 72 1.0 0.674294866 0.369517346 0.639361686
-1 1 73 1.0 -0.657154785 0.399093673 0.639430863
-1 1 74 1.0 -0.0171159909 -0.768732323 0.639341582
-1 1 75 1.0 0.674279336 0.369632118 0.639311719
-1 1 76 1.0 -0.657241375 0.399062812 0.639361124
-1 1 77 1.0 -0.0170479347 -0.768712133 0.639367676
-1 1 78 1.0 0.674283542 0.369484967 0.63939234
-1 1 79 1.0 -0.657126773 0.399109892 0.639449527
-1 1 80 1.0 -0.0172299847 -0.768697127 0.639380836
-1 1 81 1.0 0.674244519 0.369541494 0.639400823
-1 1 82 1.0 -0.657107754 0.399201338 0.639411989
-1 1 83 1.0 -0.0172246685 -0.76877167 0.63929135
-1 1 84 1.0 0.674405068 0.369428064 0.639297044
-1 1 85 1.0 -0.0171375166 -0.768763063 0.639304042
-1 1 86 1.0 0.674241767 0.369651161 0.639340331
-1 1 87 1.0 -0.657162942 0.399232657 0.639335713
-1 1 88 1.0 -0.0170534987 -0.768754684 0.639316364
-1 1 89 1.0 0.674329954 0.369483331 0.639344336
-1 1 90 1.0 -0.65719792 0.399257322 0.639284354
-1 1 91 1.0 -0.0171826839 -0.768575783 0.639527967
-1 1 92 1.0 0.674228609 0.369437587 0.63947764
-1 1 93 1.0 -0.657065941 0.399207579 0.63945106
-1 1 94 1.0 -0.0170965544 -0.768689915 0.639393089
-1 1 95 1.0 0.674339631 0.36941225 0.639375204
-1 1 96 1.0 -0.657177925 0.399269063 0.639297576
-1 1 97 1.0 -0.0171399847 -0.76873076 0.639342819
-1 1 98 1.0 0.674314839 0.369582454 0.639302986
-1 1 99 1.0 -0.657170458 0.399042119 0.63944693
-1 1 100 1.0 -0.0170465371 -0.768682188 0.639403714
-1 1 101 1.0 0.674199466 0.369488041 0.639479216
-1 1 102 1.0 -0.657173218 0.399201763 0.63934444
-1 1 103 1.0 -0.017062342 -0.768711217 0.639368392
-1 1 104 1.0 0.674302854 0.369449762 0.639392317
-1 1 105 1.0 -0.657130835 0.399160244 0.639413924
-1 1 106 1.0 0.674285167 0.369629844 0.639306884
-1 1 107 1.0 -0.657238555 0.399180972 0.639290258
-1 1 108 1.0 -0.017026359 -0.768804974 0.639256612
-1 1 109 1.0 0.674275098 0.369532064 0.639374026
-1 1 110 1.0 -0.657178422 0.399072964 0.639419495
-1 1 111 1.0 -0.0171011383 -0.768707114 0.639372289
-1 1 112 1.0 0.674293055 0.36959954 0.639316084
-1 1 113 1.0 -0.657142982 0.399151561 0.63940686
-1 1 114 1.0 -0.017101615 -0.768642219 0.639450291
-1 1 115 1.0 0.674243875 0.369474358 0.639440299
-1 1 116 1.0 -0.657028119 0.39936975 0.639388656
-1 1 117 1.0 -0.0173146252 -0.768733451 0.639334877
-1 1 118 1.0 0.674260245 0.369583726 0.639359829
-1 1 119 1.0 -0.657226008 0.399165912 0.63931256
-1 1 120 1.0 -0.0172250953 -0.768737774 0.639332098
-1 1 121 1.0 0.674150774 0.369544415 0.639497974
-1 1 122 1.0 -0.65718655 0.399148548 0.639363961
-1 1 123 1.0 -0.0169764878 -0.768690493 0.639395593
-1 1 124 1.0 0.674432874 0.369390758 0.639289266
-1 1 125 1.0 -0.656991324 0.399307469 0.639465359
-1 1 126 1.0 -0.0171134989 -0.768615415 0.639482191
-1 1 127 1.0 -0.657296144 0.39916121 0.639243386
-1 1 128 1.0 -0.0171060062 -0.768781713 0.639282459
-1 1 129 1.0 0.674302861 0.369564812 0.639325818
-1 1 130 1.0 -0.657141075 0.399220704 0.639365652
-1 1 131 1.0 -0.0170733506 -0.768694491 0.639388208
-1 1 132 1.0 0.674264501 0.369551721 0.639373841
-1 1 133 1.0 -0.657275895 0.399216371 0.63922976
-1 1 134 1.0 -0.0171359698 -0.768721677 0.639353847
-1 1 135 1.0 0.674198574 0.369540871 0.639449629
-1 1 136 1.0 -0.657107396 0.399147074 0.639446232
-1 1 137 1.0 -0.0171815125 -0.768640593 0.639450103
-1 1 138 1.0 0.674291783 0.369415024 0.639424063
-1 1 139 1.0 -0.6570448 0.399448159 0.639322531
-1 1 140 1.0 -0.0172477831 -0.7686521 0.639434487
-1 1 141 1.0 0.674197861 0.369419048 0.639520766
-1 1 142 1.0 -0.65722227 0.399066538 0.639378437
-1 1 143 1.0 -0.0171927031 -0.768616955 0.639478215
-1 1 144 1.0 0.674239198 0.369547629 0.639402888
-1 1 145 1.0 -0.657182089 0.399237595 0.639312948
-1 1 146 1.0 -0.0170539074 -0.768743892 0.639329331
-1 1 147 1.0 0.674374004 0.369538237 0.639266137
-1 1 148 1.0 -0.0172840655 -0.768857312 0.639186745
-1 1 149 1.0 0.674400477 0.369546014 0.639233713
-1 1 150 1.0 -0.657083156 0.399279123 0.639388699
-1 1 151 1.0 -0.0171174433 -0.768714036 0.63936353
-1 1 152 1.0 0.674254495 0.369602913 0.639354802
-1 1 153 1.0 -0.657117863 0.399073293 0.639481525
-1 1 154 1.0 -0.0171097352 -0.768668018 0.63941906
-1 1 155 1.0 0.674186127 0.369693779 0.639374363
-1 1 156 1.0 -0.657130384 0.399084198 0.639461853
-1 1 157 1.0 -0.01721514 -0.768639541 0.639450463
-1 1 158 1.0 0.674274121 0.369417763 0.639441105
-1 1 159 1.0 -0.657016723 0.399218203 0.639494997
-1 1 160 1.0 -0.0172763308 -0.768591498 0.639506558
-1 1 161 1.0 0.674363926 0.369364353 0.639377251
-1 1 162 1.0 -0.657084826 0.399333069 0.639353291
-1 1 163 1.0 -0.0173462055 -0.768646314 0.639438779
-1 1 164 1.0 0.674193622 0.369418197 0.639525727
-1 1 165 1.0 -0.657103288 0.39908938 0.639486463
-1 1 166 1.0 -0.017193276 -0.76870667 0.639370351
-1 1 167 1.0 0.674365601 0.369466781 0.639316302
-1 1 168 1.0 -0.657196051 0.399196071 0.639324525
-1 1 169 1.0 0.674285097 0.369384719 0.63944862
-1 1 170 1.0 -0.657179755 0.399355648 0.63924161
-1 1 171 1.0 -0.0171305746 -0.768755295 0.639313569
-1 1 172 1.0 0.674360231 0.369438418 0.639338357
-1 1 173 1.0 -0.657065106 0.399109867 0.639512909
-1 1 174 1.0 -0.0169977972 -0.768616561 0.639483899
-1 1 175 1.0 0.674172767 0.369540906 0.639476817
-1 1 176 1.0 -0.657208296 0.399175431 0.639324825
-1 1 177 1.0 -0.0170663717 -0.768654684 0.639436248
-1 1 178 1.0 0.674233501 0.369476977 0.639449724
-1 1 179 1.0 -0.657012432 0.399373167 0.639402642
-1 1 180 1.0 -0.0172763109 -0.768576784 0.639524242
-1 1 181 1.0 0.67418346 0.369351416 0.639575011
-1 1 182 1.0 -0.656985589 0.399256825 0.639502872
-1 1 183 1.0 -0.0171839519 -0.768684461 0.639397303
-1 1 184 1.0 0.674332109 0.369427912 0.639374088
-1 1 185 1.0 -0.657069359 0.39919767 0.639453734
-1 1 186 1.0 -0.0172428891 -0.768693636 0.639384686
-1 1 187 1.0 0.67425616 0.369489146 0.6394188
-1 1 188 1.0 -0.657168134 0.399172265 0.639368084
-1 1 189 1.0 -0.0171210741 -0.768797354 0.639263246
-1 1 190 1.0 -0.657135298 0.39911421 0.639438071
-1 1 191 1.0 -0.0171545832 -0.768704206 0.639374354
-1 1 192 1.0 0.674312955 0.369612363 0.639287682
-1 1 193 1.0 -0.657023086 0.399412062 0.639367398
-1 1 194 1.0 -0.0170576973 -0.768599142 0.63950324
-1 1 195 1.0 0.67416595 0.369590588 0.639455291
-1 1 196 1.0 -0.657098478 0.39909208 0.63948972
-1 1 197 1.0 -0.0172611921 -0.768659944 0.639424696
-1 1 198 1.0 0.674286117 0.369570656 0.6393401
-1 1 199 1.0 -0.657068994 0.399117508 0.639504145
-1 1 200 1.0 -0.0170672638 -0.768611448 0.639488194
-1 1 201 1.0 0.674294926 0.369495709 0.639374127
-1 1 202 1.0 -0.657113431 0.399310011 0.639338294
-1 1 203 1.0 -0.0172974581 -0.768746336 0.639319849
-1 1 204 1.0 0.67439125 0.369412596 0.639320558
-1 1 205 1.0 -0.657175719 0.399299056 0.639281111
-1 1 206 1.0 -0.017261759 -0.768694941 0.639382608
-1 1 207 1.0 0.67434365 0.369569093 0.63928032
-1 1 208 1.0 -0.657167592 0.399185228 0.639360547
-1 1 209 1.0 -0.016906337 -0.768722502 0.639358969
-1 1 210 1.0 0.674305327 0.369575532 0.63931702
-1 1 211 1.0 -0.0169191737 -0.7686313 0.639468269
-1 1 212 1.0 0.674251034 0.369580809 0.639371229
-1 1 213 1.0 -0.657170017 0.399155078 0.639376878
-1 1 214 1.0 -0.0172241488 -0.768758564 0.639307124
-1 1 215 1.0 0.674357471 0.369579175 0.639259912
-1 1 216 1.0 -0.657121194 0.399252578 0.639366183
-1 1 217 1.0 -0.017081683 -0.768730038 0.639345247
-1 1 218 1.0 0.674204775 0.369480296 0.639478093
-1 1 219 1.0 -0.657170905 0.399191204 0.639353411
-1 1 220 1.0 -0.0170393409 -0.768569561 0.63953928
-1 1 221 1.0 0.674289414 0.369462982 0.639398852
-1 1 222 1.0 -0.657130438 0.399064975 0.639473794
-1 1 223 1.0 -0.0171949451 -0.768616712 0.639478447
-1 1 224 1.0 0.674264088 0.369481323 0.639414961
-1 1 225 1.0 -0.657150875 0.399264346 0.639328327
-1 1 226 1.0 -0.0173129747 -0.768747192 0.639318399
-1 1 227 1.0 0.674271972 0.369467999 0.639414345
-1 1 228 1.0 -0.657103503 0.399238635 0.639393071
-1 1 229 1.0 -0.0169415827 -0.768681325 0.639407541
-1 1 230 1.0 0.674202769 0.369801401 0.639294572
-1 1 231 1.0 -0.657147888 0.399213616 0.639363075
-1 1 232 1.0 0.674280341 0.369656695 0.639296449
-1 1 233 1.0 -0.657041801 0.3992313 0.639461055
-1 1 234 1.0 -0.0170565114 -0.768699887 0.63938217
-1 1 235 1.0 0.674347896 0.369470837 0.639332633
-1 1 236 1.0 -0.657145111 0.399208618 0.639369051
-1 1 237 1.0 -0.0171023471 -0.768739629 0.639333162
-1 1 238 1.0 0.674321705 0.369518266 0.639332847
-1 1 239 1.0 -0.657139698 0.399213734 0.639371419
-1 1 240 1.0 -0.0170708668 -0.768754931 0.639315605
-1 1 241 1.0 0.674174444 0.369576743 0.639454337
-1 1 242 1.0 -0.657088708 0.399145344 0.639466515
-1 1 243 1.0 -0.0171033203 -0.768703356 0.639376749
-1 1 244 1.0 0.674150136 0.369513092 0.639516746
-1 1 245 1.0 -0.657212017 0.399167265 0.639326097
-1 1 246 1.0 -0.017148804 -0.768753439 0.639315313
-1 1 247 1.0 0.674383993 0.369460502 0.63930053
-1 1 248 1.0 -0.65717087 0.399340953 0.639259924
-1 1 249 1.0 -0.0171355951 -0.768750782 0.639318862
-1 1 250 1.0 0.67426305 0.369480435 0.639416569
-1 1 251 1.0 -0.657281254 0.399040031 0.639334346
-1 1 252 1.0 -0.016911289 -0.76872791 0.639352335
-1 1 253 1.0 -0.657173644 0.399249932 0.639313923
-1 1 254 1.0 -0.0171674415 -0.768773747 0.639290392
-1 1 255 1.0 0.674299656 0.36958496 0.639317551
-1 1 256 1.0 -0.657088714 0.399279407 0.639382809
-1 1 257 1.0 -0.0170615766 -0.768709925 0.639369966
-1 1 258 1.0 0.674263242 0.369574159 0.639362199
-1 1 259 1.0 -0.657172416 0.39922009 0.639333822
-1 1 260 1.0 -0.0172139799 -0.768669671 0.639414275
-1 1 261 1.0 0.674382467 0.369293272 0.639398755
-1 1 262 1.0 -0.657037604 0.399075503 0.639562608
-1 1 263 1.0 -0.0172206374 -0.768766455 0.63929773
-1 1 264 1.0 0.674262751 0.369619736 0.63933637
-1 1 265 1.0 -0.657163688 0.39914397 0.639390318
-1 1 266 1.0 -0.0171451003 -0.768664893 0.63942187
-1 1 267 1.0 0.67431714 0.369569282 0.639308174
-1 1 268 1.0 -0.657126876 0.399170788 0.639411409
-1 1 269 1.0 -0.0172037865 -0.768689605 0.639390585
-1 1 270 1.0 0.674329957 0.369405083 0.639389548
-1 1 271 1.0 -0.657073606 0.399101431 0.639509441
-1 1 272 1.0 -0.0170763453 -0.768705132 0.639375335
-1 1 273 1.0 0.674316907 0.369593303 0.639294532
-1 1 274 1.0 -0.0171450091 -0.768731615 0.639341656
-1 1 275 1.0 0.674179986 0.369431813 0.639532236
-1 1 276 1.0 -0.657242647 0.399037914 0.639375356
-1 1 277 1.0 -0.0170433882 -0.768698564 0.63938411
-1 1 278 1.0 0.674235774 0.369580634 0.639387422
-1 1 279 1.0 -0.657268384 0.399072122 0.639327547
-1 1 280 1.0 -0.0171098252 -0.768805477 0.639253778
-1 1 281 1.0 0.67432394 0.369427312 0.63938305
-1 1 282 1.0 -0.657126741 0.399265629 0.639352331
-1 1 283 1.0 -0.0173033452 -0.768639638 0.639447966
-1 1 284 1.0 0.67429921 0.369386081 0.639432951
-1 1 285 1.0 -0.657154104 0.399230746 0.639345991
-1 1 286 1.0 -0.0171281635 -0.768658963 0.639429452
-1 1 287 1.0 0.674179612 0.369520911 0.639481155
-1 1 288 1.0 -0.657066995 0.399246236 0.639425842
-1 1 289 1.0 -0.0171201383 -0.768711225 0.639366838
-1 1 290 1.0 0.674377545 0.369439897 0.639319239
-1 1 291 1.0 -0.657072351 0.399359727 0.639349462
-1 1 292 1.0 -0.0171251448 -0.768670428 0.639415751
-1 1 293 1.0 0.674280524 0.369547615 0.639359317
-1 1 294 1.0 -0.657214552 0.399191599 0.639308298
-1 1 295 1.0 0.674263684 0.369503252 0.639402714
-1 1 296 1.0 -0.657123449 0.399264664 0.639356318
-1 1 297 1.0 -0.0172466711 -0.768699106 0.639378008
-1 1 298 1.0 0.674238805 0.369498806 0.639431518
-1 1 299 1.0 -0.657106046 0.399120333 0.639464311
-1 1 300 1.0 -0.017172472 -0.768786264 0.639275204
-1 1 301 1.0 0.674394424 0.369474244 0.639281584
-1 1 302 1.0 -0.657141375 0.399183181 0.639388771
-1 1 303 1.0 -0.0172212181 -0.768739242 0.639330437
-1 1 304 1.0 0.674371369 0.369431987 0.639330324
-1 1 305 1.0 -0.657198655 0.399249301 0.639288607
-1 1 306 1.0 -0.0172478752 -0.768802877 0.639253195
-1 1 307 1.0 0.674427496 0.369410756 0.639283385
-1 1 308 1.0 -0.657036032 0.399269156 0.639443347
-1 1 309 1.0 -0.0172193946 -0.768631057 0.639460547
-1 1 310 1.0 0.674326599 0.369360337 0.639418939
-1 1 311 1.0 -0.657051155 0.399174637 0.639486817
-1 1 312 1.0 -0.0171668096 -0.768733771 0.639338478
-1 1 313 1.0 0.674345874 0.369543222 0.639292929
-1 1 314 1.0 -0.657235004 0.399135749 0.639322144
-1 1 315 1.0 -0.0170805073 -0.768787256 0.639276475
-1 1 316 1.0 -0.657192563 0.399164801 0.639347634
-1 1 317 1.0 -0.0171742604 -0.768754772 0.639313026
-1 1 318 1.0 0.674410072 0.369326919 0.639350203
-1 1 319 1.0 -0.657146897 0.399163032 0.639395675
-1 1 320 1.0 -0.0171314054 -0.768674773 0.63941036
-1 1 321 1.0 0.674345807 0.369480741 0.639329113
-1 1 322 1.0 -0.657218289 0.399238057 0.639275445
-1 1 323 1.0 -0.0172076987 -0.768789769 0.639270042
-1 1 324 1.0 0.674303468 0.369433389 0.639401129
-1 1 325 1.0 -0.657195151 0.399239238 0.639298494
-1 1 326 1.0 -0.0171976645 -0.768752942 0.639314598
-1 1 327 1.0 0.674328235 0.369420579 0.639382411
-1 1 328 1.0 -0.65710664 0.399309265 0.63934574
-1 1 329 1.0 -0.0170422351 -0.768714972 0.639364414
-1 1 330 1.0 0.674274988 0.369474006 0.639407695
-1 1 331 1.0 -0.657156722 0.3991548 0.639390716
-1 1 332 1.0 -0.0170751108 -0.768729414 0.639346172
-1 1 333 1.0 0.674272073 0.369447649 0.639425997
-1 1 334 1.0 -0.657078064 0.399254511 0.6394093
-1 1 335 1.0 -0.0171931387 -0.768755702 0.639311401
-1 1 336 1.0 0.67433585 0.369463176 0.639349766
-1 1 337 1.0 -0.0172547029 -0.768716934 0.639356356
-1 1 338 1.0 0.67425748 0.369446995 0.639441763
-1 1 339 1.0 -0.65716774 0.39906847 0.639433278
-1 1 340 1.0 -0.0170877121 -0.768717075 0.639360672
-1 1 341 1.0 0.674171696 0.369588756 0.639450292
-1 1 342 1.0 -0.657232565 0.399207682 0.639279737
-1 1 343 1.0 -0.0172507702 -0.768752588 0.639313592
-1 1 344 1.0 0.674310096 0.369511408 0.639349055
-1 1 345 1.0 -0.657123751 0.399215638 0.639386621
-1 1 346 1.0 -0.0171289741 -0.768657317 0.639431409
-1 1 347 1.0 0.674241374 0.36948827 0.639434897
-1 1 348 1.0 -0.657207944 0.399245462 0.639281455
-1 1 349 1.0 -0.0171716131 -0.768725204 0.63934865
-1 1 350 1.0 0.674277854 0.369422257 0.639434572
-1 1 351 1.0 -0.657098611 0.399155376 0.639450077
-1 1 352 1.0 -0.0171152893 -0.768664689 0.639422914
-1 1 353 1.0 0.674201562 0.369528104 0.639453856
-1 1 354 1.0 -0.657026652 0.399194751 0.639499437
-1 1 355 1.0 -0.0172668695 -0.768700601 0.639375666
-1 1 356 1.0 0.674413787 0.369506823 0.639242326
-1 1 357 1.0 -0.657167464 0.39926313 0.639312035
-1 1 358 1.0 0.67436324 0.369448738 0.639329219
-1 1 359 1.0 -0.657208828 0.399207178 0.639304454
-1 1 360 1.0 -0.0171511284 -0.768679159 0.639404558
-1 1 361 1.0 0.674249864 0.369538589 0.639396867
-1 1 362 1.0 -0.65715447 0.399080631 0.639439327
-1 1 363 1.0 -0.0171475993 -0.768718635 0.639357193
-1 1 364 1.0 0.674290554 0.369548034 0.639348496
-1 1 365 1.0 -0.657183439 0.399276338 0.639287363
-1 1 366 1.0 -0.017117833 -0.768805566 0.639253456
-1 1 367 1.0 0.674270088 0.369445802 0.639429158
-1 1 368 1.0 -0.657150223 0.399162087 0.639392847
-1 1 369 1.0 -0.0171832549 -0.768759483 0.639307119
-1 1 370 1.0 0.674334326 0.369588499 0.639278936
-1 1 371 1.0 -0.657120637 0.399281088 0.639348951
-1 1 372 1.0 -0.01704401 -0.768745029 0.639328227
-1 1 373 1.0 0.674450939 0.369400911 0.639264341
-1 1 374 1.0 -0.657081462 0.399196859 0.639441803
-1 1 375 1.0 -0.0172235548 -0.768645838 0.639442667
-1 1 376 1.0 0.674286871 0.369424621 0.639423697
-1 1 377 1.0 -0.657069084 0.399312952 0.639382033
-1 1 378 1.0 -0.0171956363 -0.768682748 0.639399049
-1 1 379 1.0 -0.657023755 0.399378281 0.639387811
-1 1 380 1.0 -0.017286135 -0.768726127 0.639344455
-1 1 381 1.0 0.674288362 0.369478826 0.639390805
-1 1 382 1.0 -0.657109142 0.399210883 0.639404603
-1 1 383 1.0 -0.017136339 -0.768661694 0.639425951
-1 1 384 1.0 0.674300078 0.369515577 0.639357211
-1 1 385 1.0 -0.657224677 0.399103961 0.639352604
-1 1 386 1.0 -0.0172162483 -0.76882286 0.639230014
-1 1 387 1.0 0.674254375 0.369529532 0.639397344
-1 1 388 1.0 -0.65725188 0.399065374 0.639348726
-1 1 389 1.0 -0.017164395 -0.768782301 0.639280187
-1 1 390 1.0 0.674335547 0.369595 0.63927389
-1 1 391 1.0 -0.657205367 0.399269975 0.639268795
-1 1 392 1.0 -0.0171667854 -0.768687157 0.639394524
-1 1 393 1.0 0.674337401 0.369469256 0.639344616
-1 1 394 1.0 -0.657166622 0.399268509 0.63930954
-1 1 395 1.0 -0.0171710464 -0.768753236 0.63931496
-1 1 396 1.0 0.674381436 0.369451825 0.639308242
-1 1 397 1.0 -0.657060807 0.399129059 0.639505348
-1 1 398 1.0 -0.0170177034 -0.768615719 0.639484381
-1 1 399 1.0 0.674333827 0.369451871 0.639358432
-1 1 400 1.0 -0.0171938128 -0.768663926 0.639421724
-1 1 401 1.0 0.674364808 0.369543032 0.639273066
-1 1 402 1.0 -0.657110807 0.39933233 0.639327051
-1 1 403 1.0 -0.0171186255 -0.768649605 0.639440957
-1 1 404 1.0 0.674311548 0.369523359 0.639340616
-1 1 405 1.0 -0.657245325 0.399101704 0.639332787
-1 1 406 1.0 -0.0169905555 -0.768813794 0.639246956
-1 1 407 1.0 0.674292351 0.369627102 0.639300892
-1 1 408 1.0 -0.657282438 0.399043367 0.639331047
-1 1 409 1.0 -0.0170828958 -0.768772461 0.639294202
-1 1 410 1.0 0.674385633 0.369588889 0.639224585
-1 1 411 1.0 -0.657281254 0.399162466 0.639257912
-1 1 412 1.0 -0.0172374147 -0.768753401 0.639312975
-1 1 413 1.0 0.674306014 0.369477298 0.639373072
-1 1 414 1.0 -0.65716648 0.399142 0.639388678
-1 1 415 1.0 -0.0172122228 -0.768696356 0.639382242
-1 1 416 1.0 0.67426555 0.369443581 0.639435227
-1 1 417 1.0 -0.657085021 0.399169024 0.639455523
-1 1 418 1.0 -0.0170968327 -0.768715709 0.639362071
-1 1 419 1.0 0.674285705 0.369367917 0.639457684
-1 1 420 1.0 -0.657060085 0.399092207 0.639529088
-1 1 421 1.0 0.674205236 0.369600502 0.63940814
-1 1 422 1.0 -0.657127222 0.399194836 0.639396041
-1 1 423 1.0 -0.0171336488 -0.768663174 0.639424243
-1 1 424 1.0 0.674179026 0.369543151 0.63946892
-1 1 425 1.0 -0.657115427 0.39927499 0.639358114
-1 1 426 1.0 -0.0170299946 -0.768723509 0.639354476
-1 1 427 1.0 0.674284309 0.369560728 0.639347745
-1 1 428 1.0 -0.657203182 0.399161559 0.639338742
-1 1 429 1.0 -0.0170287859 -0.768664423 0.639425543
-1 1 430 1.0 0.674171358 0.369575069 0.639458559
-1 1 431 1.0 -0.657190515 0.399062564 0.639413558
-1 1 432 1.0 -0.0171051119 -0.768759167 0.639309595
-1 1 433 1.0 0.674317934 0.369547757 0.639319778
-1 1 434 1.0 -0.657124017 0.399135169 0.639436582
-1 1 435 1.0 -0.0170371544 -0.768725794 0.639351538
-1 1 436 1.0 0.674234958 0.369527021 0.639419269
-1 1 437 1.0 -0.657186329 0.399140801 0.639369025
-1 1 438 1.0 -0.0170907043 -0.768678368 0.639407127
-1 1 439 1.0 0.674330314 0.369416161 0.63938277
-1 1 440 1.0 -0.657104177 0.39926424 0.63937639
-1 1 441 1.0 -0.0171042996 -0.768741885 0.639330397
